# D-T
[T(d,n)4He]
BG = 34.3827
mcsquared = 1124656

#CM Cross section coefficients
A1 = 6.927e4
A2 = 7.454e8
A3 = 2.050e6
A4 = 5.2002e4
A5 = 0
B1 = 6.38e1
B2 = -9.95e-1
B3 = 6.981e-5
B4 = 1.728e-4
min_E_keV_xsec = 0.5
max_keV_xsec = 550

## Reactivity coefficients
C1 = 1.17302e-9
C2 = 1.51361e-2
C3 =7.51886e-2
C4 = 4.60643e-3
C5 =1.35000e-2
C6 = -1.06750e-4
C7 = 1.36600e-5
min_Ti_keV_reactivity = 0.2
max_Ti_keV_reactivity = 100

m1_keV = 1875612.94257
m2_kev = 2808921.13298

are_identical_particles = False
Z1 = 1
Z2 = 1
energy_per_reaction_total_keV = 17.6e3
fraction_charged = 0.2

[T(d,n)4He_HIGH_ENERGY]
BG = 34.3827

#CM Cross section coefficients
A1 = -1.4714e6
A2 = 0
A3 = 0
A4 = 0
A5 = 0
B1 = -8.4127e-3
B2 = 4.7983e-6
B3 = -1.0748e-9
B4 = 8.5184e-14

min_E_keV_xsec = 550
max_E_keV_xsec = 4700

kronecker_delta = 0
Zeff = 1

energy_per_reaction_total_keV = 17.6e3
fraction_charged = 0.2

[3He(d,p)4He]
BG = 68.7508
mcsquared = 1124572

#CM Cross section coefficients
A1 = 5.7501e6
A2 = 2.5226e3
A3 = 4.5566e1
A4 = 0
A5 = 0
B1 = -3.1995e-3
B2 = -8.5530e-6
B3 = 5.9014e-8
B4 = 0

min_E_keV_xsec = 0.3
max_keV_xsec = 900

# Reactivity coefficients
C1 = 5.51036e-10
C2 = 6.41918e-3
C3 = -2.02896e-3
C4 = -1.91080e-5
C5 = 1.35776e-4
C6 = 0.0
C7 = 0.0

min_Ti_keV_reactivity = 0.5
max_Ti_keV_reactivity = 190

m1_keV = 1875612.94257
m2_kev = 2808391.60743

are_identical_particles = False
# Helium-3
Z1 = 2
# Deuterium
Z2 = 1
energy_per_reaction_total_keV = 18.3e3
fraction_charged = 1

[3He(d,p)4He_HIGH_ENERGY]
BG = 68.7508
mcsquared = 1124572

#CM Cross section coefficients
A1 = -8.3993e5
A2 = 0
A3 = 0
A4 = 0
A5 = 0
B1 = -2.6830e-3
B2 = 1.1633e-6
B3 = -2.1332e-10
B4 = 1.4250e-14

min_E_keV_xsec = 900
max_E_keV_xsec = 4800

m1_keV = 1875612.94257
m2_kev = 2808391.60743

are_identical_particles = False
# Helium-3
Z1 = 2
# Deuterium
Z2 = 1
energy_per_reaction_total_keV = 18.3e3
fraction_charged = 1

[D(d,p)T]
BG = 31.3970
mcsquared = 937814

#CM Cross section coefficients
A1 = 5.5576e4
A2 = 2.1054e2
A3 = -3.2638e-2
A4 = 1.4987e-6
A5 = 1.8181e-10
B1 = 0
B2 = 0
B3 = 0
B4 = 0

min_E_keV_xsec = 0.5
max_E_keV_xsec = 5000

# Reactivity coefficients
C1 = 5.65718e-12
C2 = 3.41267e-3
C3 =1.99167e-3
C4 = 0.0
C5 =1.05060e-5
C6 = 0.0
C7 = 0.0
min_Ti_keV_reactivity = 0.2
max_Ti_keV_reactivity = 100


m1_keV = 1875612.94257
m2_kev = 1875612.94257

energy_per_reaction_total_keV = 4.03e3
fraction_charged = 1
are_identical_particles = True
# Deuterium
Z1 = 1
# Deuterium
Z2 = 1

[D(d,n)3He]
BG = 31.3970
mcsquared = 937814

#CM Cross section coefficients
A1 = 5.3701e4
A2 = 3.3027e2
A3 = -1.2706e-1
A4 = 2.9327e-5
A5 = -2.5151e-9
B1 = 0
B2 = 0
B3 = 0
B4 = 0

min_E_keV_xsec = 0.5
max_E_keV_xsec = 4900

# Reactivity coefficients
C1 = 5.433603e-12
C2 = 5.85778e-3
C3 = 7.68222e-3
C4 = 0.0
C5 = -2.96400e-6
C6 = 0.0
C7 = 0.0
min_Ti_keV_reactivity = 0.2
max_Ti_keV_reactivity = 100

m1_keV = 1875612.94257
m2_kev = 1875612.94257

energy_per_reaction_total_keV = 3.27e3
fraction_charged = 0.2500
are_identical_particles = True
# Deuterium
Z1 = 1
# Deuterium
Z2 = 1

[11B(p,4He)4He4He]
# Limits based on graphs in Nevins, Swain 2000
min_E_keV_xsec = 0
max_E_keV_xsec = 3500

min_Ti_keV_reactivity = 0
max_Ti_keV_reactivity = 500

C0 = 197
C1 = 0.240
C2 = 2.31e-4
AL = 1.82e4
EL = 148
delEL = 2.35

D0 = 330
D1 = 66.1
D2 = -20.3
D5 = -1.58

A0 = 2.57e6
A1 = 5.67e5
A2 = 1.34e5
A3 = 5.68e5

E0 = 581.3
E1 = 1083
E2 = 2405
E3 = 3344

delE0 = 85.7
delE1 = 234
delE2 = 138
delE3 = 309

B = 4.38

#MeV
EG = 22.589

mp = 938272.08816

Mrc2 = 859526

P1 = 4.4467e-14
P2 = -5.9357e-2
P3 = 2.0165e-1
P4 = 1.0404e-3
P5 = 2.7621e-3
P6 = -9.1653e-6
P7 = 9.8305e-7

energy_per_reaction_total_keV = 8.7e3
fraction_charged = 1
are_identical_particles = False
# 11Boron
Z1 = 5
# Proton
Z2 = 1